1 25.385366
2 30.866
3 32.6
4 25.385368
5 235.0
6 33.134
7 98.748245
8 235.0
9 0.0
10 0.0
11 0.0
12 32.0
13 125.873856
14 218.53815
15 6.6146307
16 43.988956
17 0.0
18 32.0
19 30.8
20 32.0
21 32.0
22 0.0
23 32.0
24 38.61463
25 0.0
26 147.67448
27 25.385368
28 147.62897
29 98.61714
30 33.134
31 0.0
32 169.6173
33 30.866
34 98.682686
35 0.0
36 6.6146307
37 0.0
38 25.385368
39 32.0
40 32.0
41 76.77639
42 87.60242
43 0.0
44 235.0
45 38.850822
46 14.714138
47 0.0
48 0.0
49 32.0
50 30.866
51 25.385368
52 32.0
53 32.0
54 30.866
55 30.8
56 30.866
57 32.0
58 134.52156
59 0.0
60 0.0
61 30.8
62 0.0
63 187.0
64 213.06175
65 6.6146307
66 33.134
67 0.0
68 32.0
69 32.0
70 32.0
71 0.0
72 0.0
73 33.134
74 38.61463
75 0.0
76 44.155464
77 30.866
78 32.0
79 0.0
80 93.37531
81 25.149174
82 87.78837
83 32.0
84 98.682686
85 0.0
86 152.96371
87 0.0
88 0.0
89 32.0
90 0.0
91 76.77639
92 32.0
93 25.385368
94 268.134
95 235.0
96 147.62897
97 33.2
98 235.0
99 204.61815
100 30.866
101 268.134
102 235.0
103 235.0
104 235.0
105 235.0
106 235.0
107 218.53815
108 213.06175
109 204.61815
110 187.0
111 169.6173
112 152.96371
113 147.67448
114 147.62897
115 147.62897
116 134.52156
117 125.873856
118 98.748245
119 98.682686
120 98.682686
121 98.61714
122 93.37531
123 87.78837
124 87.60242
125 76.77639
126 76.77639
127 44.155464
128 43.988956
129 38.850822
130 38.61463
131 38.61463
132 33.2
133 33.134
134 33.134
135 33.134
136 33.134
137 32.6
138 32.0
139 32.0
140 32.0
141 32.0
142 32.0
143 32.0
144 32.0
145 32.0
146 32.0
147 32.0
148 32.0
149 32.0
150 32.0
151 236.134
152 113.62972
153 236.134
154 112.92244
155 235.0
156 111.8324
157 33.134
158 235.0
159 147.6563
160 82.34515
161 25.385368
162 33.134
163 93.30167
164 38.61463
165 32.0
166 137.5745
167 33.2
168 0.0
169 98.748245
170 38.850822
171 93.30167
172 98.61714
173 32.0
174 32.0
175 0.0
176 98.682686
177 49.285866
178 0.0
179 235.0
180 32.0
181 0.0
182 38.61463
183 33.134
184 175.15564
185 32.0
186 0.0
187 30.866
188 187.0
189 33.134
190 0.0
191 38.850822
192 153.19043
193 0.0
194 32.0
195 235.0
196 38.61463
197 236.134
198 38.61463
199 33.134
200 32.0
201 268.134
202 236.134
203 236.134
204 236.134
205 235.0
206 235.0
207 235.0
208 235.0
209 235.0
210 235.0
211 235.0
212 235.0
213 235.0
214 218.53815
215 213.06175
216 204.61815
217 187.0
218 187.0
219 175.15564
220 169.6173
221 153.19043
222 152.96371
223 147.67448
224 147.6563
225 147.62897
226 147.62897
227 137.5745
228 134.52156
229 125.873856
230 113.62972
231 112.92244
232 111.8324
233 98.748245
234 98.748245
235 98.682686
236 98.682686
237 98.682686
238 98.61714
239 98.61714
240 93.37531
241 93.30167
242 93.30167
243 87.78837
244 87.60242
245 82.34515
246 76.77639
247 76.77639
248 49.285866
249 44.155464
250 43.988956
251 32.0
252 6.8508253
253 33.134
254 93.30167
255 33.134
256 179.1962
257 187.0
258 315.0
259 0.0
260 32.0
261 235.0
262 93.30167
263 235.0
264 147.72139
265 33.2
266 30.866
267 235.0
268 147.62897
269 187.0
270 32.0
271 38.850822
272 32.0
273 32.0
274 104.13014
275 14.71414
276 142.1581
277 30.866
278 187.0
279 30.8
280 32.0
281 0.0
282 115.428474
283 163.9763
284 152.96873
285 32.0
286 236.134
287 98.682686
288 117.47581
289 38.61463
290 38.61463
291 98.61714
292 93.30167
293 158.85448
294 163.93967
295 87.6954
296 25.385368
297 0.0
298 235.0
299 0.0
300 38.61463
301 315.0
302 268.134
303 236.134
304 236.134
305 236.134
306 236.134
307 235.0
308 235.0
309 235.0
310 235.0
311 235.0
312 235.0
313 235.0
314 235.0
315 235.0
316 235.0
317 235.0
318 235.0
319 235.0
320 218.53815
321 213.06175
322 204.61815
323 187.0
324 187.0
325 187.0
326 187.0
327 187.0
328 179.1962
329 175.15564
330 169.6173
331 163.9763
332 163.93967
333 158.85448
334 153.19043
335 152.96873
336 152.96371
337 147.72139
338 147.67448
339 147.6563
340 147.62897
341 147.62897
342 147.62897
343 142.1581
344 137.5745
345 134.52156
346 125.873856
347 117.47581
348 115.428474
349 113.62972
350 112.92244
351 235.0
352 251.46696
353 20.01105
354 98.682686
355 235.0
356 204.75696
357 32.0
358 126.86278
359 137.67853
360 187.0
361 235.0
362 224.3145
363 152.8977
364 235.0
365 32.0
366 235.0
367 32.0
368 202.28955
369 104.13014
370 191.49747
371 153.32867
372 187.0
373 284.82727
374 235.0
375 122.23683
376 25.385368
377 218.69278
378 235.0
379 236.134
380 267.0
381 185.76381
382 38.61463
383 191.36789
384 153.19043
385 87.60242
386 32.0
387 142.1581
388 235.0
389 153.19043
390 33.134
391 0.0
392 25.385368
393 299.0
394 0.0
395 0.0
396 20.01105
397 129.6114
398 122.32484
399 0.0
400 152.36371
401 315.0
402 299.0
403 284.82727
404 268.134
405 267.0
406 251.46696
407 236.134
408 236.134
409 236.134
410 236.134
411 236.134
412 235.0
413 235.0
414 235.0
415 235.0
416 235.0
417 235.0
418 235.0
419 235.0
420 235.0
421 235.0
422 235.0
423 235.0
424 235.0
425 235.0
426 235.0
427 235.0
428 235.0
429 235.0
430 235.0
431 235.0
432 235.0
433 224.3145
434 218.69278
435 218.53815
436 213.06175
437 204.75696
438 204.61815
439 202.28955
440 191.49747
441 191.36789
442 187.0
443 187.0
444 187.0
445 187.0
446 187.0
447 187.0
448 187.0
449 185.76381
450 179.1962
451 235.0
452 98.61714
453 299.0
454 158.52435
455 147.62897
456 145.76834
457 33.134
458 168.53452
459 187.0
460 0.0
461 152.96819
462 235.0
463 235.0
464 0.0
465 33.134
466 30.81372
467 33.134
468 101.62665
469 169.35603
470 134.24867
471 32.0
472 117.630295
473 151.76372
474 179.1962
475 235.0
476 169.74594
477 235.0
478 299.0
479 236.134
480 147.67448
481 98.61714
482 111.72457
483 158.85448
484 235.0
485 20.01105
486 235.0
487 93.37531
488 31.4
489 191.24168
490 213.06175
491 38.61463
492 235.0
493 32.0
494 235.0
495 187.0
496 0.0
497 235.0
498 187.0
499 33.134
500 158.78128
501 315.0
502 299.0
503 299.0
504 299.0
505 284.82727
506 268.134
507 267.0
508 251.46696
509 236.134
510 236.134
511 236.134
512 236.134
513 236.134
514 236.134
515 235.0
516 235.0
517 235.0
518 235.0
519 235.0
520 235.0
521 235.0
522 235.0
523 235.0
524 235.0
525 235.0
526 235.0
527 235.0
528 235.0
529 235.0
530 235.0
531 235.0
532 235.0
533 235.0
534 235.0
535 235.0
536 235.0
537 235.0
538 235.0
539 235.0
540 235.0
541 235.0
542 235.0
543 235.0
544 235.0
545 235.0
546 224.3145
547 218.69278
548 218.53815
549 213.06175
550 213.06175
551 128.75468
552 214.19241
553 299.0
554 93.37531
555 235.0
556 223.91309
557 0.0
558 144.70836
559 98.682686
560 235.0
561 131.13893
562 191.37085
563 93.37531
564 299.0
565 174.86713
566 235.0
567 169.6173
568 236.134
569 33.134
570 93.37531
571 38.850822
572 143.73251
573 235.0
574 193.61462
575 235.0
576 235.0
577 87.60242
578 235.0
579 25.385366
580 299.0
581 43.616695
582 235.0
583 235.0
584 195.1373
585 235.0
586 235.0
587 236.134
588 0.0
589 33.134
590 236.134
591 235.0
592 236.134
593 169.5751
594 32.0
595 87.6954
596 202.27522
597 235.0
598 158.78128
599 200.87892
600 236.134
601 315.0
602 299.0
603 299.0
604 299.0
605 299.0
606 299.0
607 299.0
608 284.82727
609 268.134
610 267.0
611 251.46696
612 236.134
613 236.134
614 236.134
615 236.134
616 236.134
617 236.134
618 236.134
619 236.134
620 236.134
621 236.134
622 236.134
623 235.0
624 235.0
625 235.0
626 235.0
627 235.0
628 235.0
629 235.0
630 235.0
631 235.0
632 235.0
633 235.0
634 235.0
635 235.0
636 235.0
637 235.0
638 235.0
639 235.0
640 235.0
641 235.0
642 235.0
643 235.0
644 235.0
645 235.0
646 235.0
647 235.0
648 235.0
649 235.0
650 235.0
651 32.0
652 235.0
653 104.13014
654 235.0
655 235.0
656 235.0
657 235.0
658 299.0
659 142.1581
660 169.6173
661 112.9185
662 235.0
663 236.134
664 236.134
665 104.07178
666 191.40382
667 235.0
668 588.134
669 236.134
670 87.6954
671 235.0
672 235.0
673 49.285866
674 267.0
675 153.23157
676 235.0
677 267.0
678 175.15564
679 174.86713
680 235.0
681 0.0
682 299.0
683 33.134
684 235.0
685 235.0
686 235.0
687 196.81866
688 235.0
689 93.30167
690 235.0
691 235.0
692 236.134
693 235.0
694 235.0
695 235.0
696 38.61463
697 30.866
698 235.0
699 316.134
700 235.0
701 588.134
702 316.134
703 315.0
704 299.0
705 299.0
706 299.0
707 299.0
708 299.0
709 299.0
710 299.0
711 299.0
712 284.82727
713 268.134
714 267.0
715 267.0
716 267.0
717 251.46696
718 236.134
719 236.134
720 236.134
721 236.134
722 236.134
723 236.134
724 236.134
725 236.134
726 236.134
727 236.134
728 236.134
729 236.134
730 236.134
731 236.134
732 236.134
733 235.0
734 235.0
735 235.0
736 235.0
737 235.0
738 235.0
739 235.0
740 235.0
741 235.0
742 235.0
743 235.0
744 235.0
745 235.0
746 235.0
747 235.0
748 235.0
749 235.0
750 235.0
751 256.6315
752 235.0
753 235.0
754 236.134
755 252.28587
756 235.0
757 235.0
758 43.988956
759 235.0
760 98.61714
761 299.0
762 235.0
763 185.81334
764 235.0
765 567.4991
766 38.61463
767 87.60242
768 299.0
769 235.0
770 236.134
771 299.0
772 235.0
773 194.98486
774 235.0
775 235.0
776 38.61463
777 207.5679
778 191.10602
779 147.6563
780 169.73451
781 235.0
782 213.07262
783 267.0
784 169.32349
785 170.16805
786 235.0
787 236.134
788 32.0
789 235.0
790 202.27629
791 235.0
792 236.134
793 235.0
794 187.0
795 33.134
796 174.87103
797 187.0
798 25.385368
799 235.0
800 289.57397
801 588.134
802 567.4991
803 316.134
804 315.0
805 299.0
806 299.0
807 299.0
808 299.0
809 299.0
810 299.0
811 299.0
812 299.0
813 299.0
814 299.0
815 299.0
816 289.57397
817 284.82727
818 268.134
819 267.0
820 267.0
821 267.0
822 267.0
823 256.6315
824 252.28587
825 251.46696
826 236.134
827 236.134
828 236.134
829 236.134
830 236.134
831 236.134
832 236.134
833 236.134
834 236.134
835 236.134
836 236.134
837 236.134
838 236.134
839 236.134
840 236.134
841 236.134
842 236.134
843 236.134
844 236.134
845 235.0
846 235.0
847 235.0
848 235.0
849 235.0
850 235.0
851 151.76955
852 235.0
853 299.0
854 235.0
855 235.0
856 587.0
857 235.0
858 33.134
859 235.0
860 32.0
861 235.0
862 235.0
863 43.988956
864 98.682686
865 235.0
866 235.0
867 235.0
868 137.55766
869 587.0
870 315.0
871 234.95622
872 32.0
873 235.0
874 246.0131
875 98.748245
876 299.0
877 236.134
878 33.134
879 299.0
880 300.134
881 236.134
882 252.75696
883 188.134
884 235.0
885 93.30167
886 0.0
887 235.0
888 235.0
889 33.134
890 38.850822
891 235.0
892 235.0
893 236.134
894 33.134
895 33.2
896 98.682686
897 32.0
898 267.0
899 587.0
900 235.0
901 588.134
902 587.0
903 587.0
904 587.0
905 567.4991
906 316.134
907 315.0
908 315.0
909 300.134
910 299.0
911 299.0
912 299.0
913 299.0
914 299.0
915 299.0
916 299.0
917 299.0
918 299.0
919 299.0
920 299.0
921 299.0
922 299.0
923 299.0
924 289.57397
925 284.82727
926 268.134
927 267.0
928 267.0
929 267.0
930 267.0
931 267.0
932 256.6315
933 252.75696
934 252.28587
935 251.46696
936 246.0131
937 236.134
938 236.134
939 236.134
940 236.134
941 236.134
942 236.134
943 236.134
944 236.134
945 236.134
946 236.134
947 236.134
948 236.134
949 236.134
950 236.134
951 169.73737
952 187.0
953 235.0
954 299.0
955 32.0
956 236.134
957 0.0
958 267.0
959 93.37531
960 236.134
961 299.0
962 299.0
963 235.0
964 187.0
965 218.73524
966 169.6173
967 207.73676
968 33.134
969 98.682686
970 235.0
971 235.0
972 235.0
973 0.0
974 300.134
975 235.0
976 299.0
977 235.0
978 235.0
979 174.79251
980 150.57153
981 32.0
982 169.35588
983 82.17816
984 32.0
985 236.134
986 0.0
987 235.0
988 104.13014
989 188.134
990 299.0
991 82.17816
992 236.134
993 235.0
994 236.134
995 147.8395
996 235.0
997 236.134
998 235.0
999 202.2191
1000 153.34685
1001 588.134
1002 587.0
1003 587.0
1004 587.0
1005 567.4991
1006 316.134
1007 315.0
1008 315.0
1009 300.134
1010 300.134
1011 299.0
1012 299.0
1013 299.0
1014 299.0
1015 299.0
1016 299.0
1017 299.0
1018 299.0
1019 299.0
1020 299.0
1021 299.0
1022 299.0
1023 299.0
1024 299.0
