1 171.0
2 32.0
3 109.40976
4 0.0
5 0.0
6 171.0
7 38.61463
8 149.43903
9 171.0
10 171.0
11 32.0
12 0.0
13 0.0
14 25.385368
15 32.0
16 171.0
17 32.0
18 32.0
19 169.69958
20 0.0
21 0.0
22 38.61463
23 0.6
24 30.866
25 33.134
26 0.0
27 32.0
28 171.0
29 171.0
30 103.93259
31 32.0
32 0.0
33 98.682686
34 43.988956
35 147.1644
36 0.0
37 171.0
38 171.0
39 33.134
40 0.0
41 38.61463
42 98.682686
43 32.0
44 32.0
45 0.0
46 0.0
47 0.0
48 171.0
49 103.93259
50 32.0
51 98.682686
52 25.385368
53 171.0
54 0.0
55 98.682686
56 171.0
57 171.0
58 0.0
59 163.97118
60 0.0
61 32.6
62 0.0
63 169.6173
64 32.0
65 33.134
66 172.134
67 33.134
68 0.0
69 14.714138
70 25.385368
71 0.0
72 1.1340001
73 103.93259
74 30.866
75 32.0
76 103.93259
77 0.0
78 144.22508
79 98.682686
80 33.134
81 171.0
82 30.866
83 30.866
84 169.6173
85 169.6173
86 32.0
87 0.0
88 38.61463
89 0.0
90 0.0
91 171.0
92 25.385368
93 32.0
94 6.6146307
95 25.385368
96 25.385368
97 142.2593
98 1.1340001
99 171.0
100 171.0
101 172.134
102 171.0
103 171.0
104 171.0
105 171.0
106 171.0
107 171.0
108 171.0
109 171.0
110 171.0
111 171.0
112 171.0
113 171.0
114 171.0
115 171.0
116 171.0
117 171.0
