1 25.149174
2 142.10237
3 251.0
4 65.97837
5 131.23654
6 43.432022
7 251.0
8 251.0
9 0.0
10 0.0
11 252.134
12 89.56967
13 126.95983
14 60.28656
15 30.866
16 76.60761
17 114.84242
18 239.35626
19 33.134
20 72.80699
21 16.982138
22 0.0
23 125.757835
24 379.0
25 133.69789
26 44.976025
27 251.0
28 147.92316
29 6.6146307
30 84.02764
31 104.00625
32 17.284504
33 113.88905
34 0.0
35 28.60389
36 40.351856
37 0.0
38 19.844534
39 30.866
40 30.8
41 61.137657
42 196.91035
43 0.0
44 46.429264
45 25.149174
46 30.866
47 38.61463
48 39.74863
49 32.0
50 0.0
51 3.719836
52 25.385368
53 54.89838
54 88.79071
55 31.59074
56 33.134
57 0.0
58 45.229263
59 30.866
60 8.882631
61 77.76657
62 252.134
63 38.61463
64 38.61463
65 0.0
66 71.3869
67 53.01337
68 220.7053
69 0.0
70 0.0
71 20.01105
72 0.0
73 44.137142
74 32.0
75 15.838858
76 379.0
77 122.56097
78 50.75315
79 0.0
80 0.0
81 175.06407
82 29.731998
83 196.63087
84 157.59216
85 0.0
86 0.0
87 111.26196
88 0.0
89 7.8633127
90 38.61463
91 0.0
92 251.0
93 0.0
94 43.219822
95 25.385368
96 25.385368
97 174.98132
98 218.77315
99 174.8683
100 0.0
101 379.0
102 379.0
103 252.134
104 252.134
105 251.0
106 251.0
107 251.0
108 251.0
109 251.0
110 239.29028
111 220.7053
112 218.77315
113 196.91035
114 196.63087
115 175.06407
116 174.98132
117 174.8683
118 157.59216
119 147.92316
120 142.10237
121 251.0
122 131.23654
123 126.95983
124 125.757835
125 122.56097
126 114.84242
127 113.88905
128 111.26196
129 104.00625
130 89.56967
131 88.79071
132 84.02764
133 77.76657
134 76.60761
135 72.80699
136 71.3869
137 65.97837
138 61.137657
139 60.28656
140 54.89838
141 53.01337
142 50.75315
143 46.429264
144 45.229263
145 44.976025
146 44.137142
147 43.432022
148 43.219822
149 40.351856
150 39.74863
151 252.134
152 0.0
153 252.134
154 379.0
155 251.0
156 252.134
157 1.1340001
158 29.665998
159 251.0
160 158.75015
161 22.031635
162 205.84776
163 251.0
164 252.134
165 379.0
166 104.02368
167 38.01463
168 22.730362
169 379.0
170 142.08362
171 31.4
172 152.29204
173 0.0
174 30.866
175 132.13704
176 333.01553
177 251.0
178 11.602216
179 98.460724
180 32.0
181 93.299736
182 19.844534
183 137.87665
184 122.03064
185 72.006256
186 31.933998
187 328.0095
188 32.0
189 251.0
190 0.0
191 47.19447
192 2.334
193 27.465256
194 25.385368
195 0.0
196 38.61463
197 33.173473
198 0.11458862
199 0.0
200 114.97837
201 379.0
202 379.0
203 379.0
204 379.0
205 379.0
206 333.01553
207 301.63727
208 252.134
209 252.134
210 252.134
211 252.134
212 252.134
213 252.134
214 251.0
215 251.0
216 251.0
217 251.0
218 251.0
219 251.0
220 251.0
221 251.0
222 251.0
223 251.0
224 251.0
225 239.35626
226 220.7053
227 218.77315
228 205.84776
229 196.91035
230 196.63087
231 175.06407
232 174.98132
233 174.8683
234 158.75015
235 157.59216
236 152.29204
237 147.92316
238 142.10237
239 142.08362
240 137.87665
241 132.13704
242 131.23654
243 126.95983
244 125.757835
245 122.56097
246 122.03064
247 114.97837
248 114.84242
249 113.88905
250 111.26196
251 218.14774
252 251.0
253 251.0
254 274.28006
255 251.0
256 120.48154
257 0.0
258 100.01032
259 251.0
260 24.492548
261 202.15979
262 89.13255
263 251.0
264 13.06193
265 251.0
266 109.752815
267 169.67809
268 236.20616
269 379.0
270 30.265999
271 202.4096
272 16.527729
273 251.0
274 251.0
275 0.0
276 0.0
277 153.28375
278 131.33658
279 38.61463
280 0.0
281 251.0
282 87.63021
283 126.86584
284 11.098146
285 29.731998
286 0.0
287 0.0
288 45.465454
289 30.865997
290 27.116144
291 50.581345
292 131.5598
293 43.988956
294 136.98184
295 252.134
296 39.74863
297 37.41463
298 153.28433
299 73.36442
300 49.285866
301 379.0
302 379.0
303 379.0
304 379.0
305 379.0
306 379.0
307 333.01553
308 327.74893
309 274.28006
310 252.134
311 252.134
312 252.134
313 252.134
314 252.134
315 252.134
316 252.134
317 251.0
318 251.0
319 251.0
320 251.0
321 251.0
322 251.0
323 251.0
324 251.0
325 251.0
326 251.0
327 251.0
328 251.0
329 251.0
330 251.0
331 251.0
332 251.0
333 121.542435
334 251.0
335 251.0
336 251.0
337 239.35626
338 236.20616
339 220.7053
340 218.77315
341 218.14774
342 205.84776
343 202.4096
344 202.15979
345 196.91035
346 196.63087
347 175.06407
348 174.98132
349 174.8683
350 169.67809
351 0.0
352 251.0
353 379.0
354 39.97266
355 492.134
356 41.16402
357 301.76987
358 117.898636
359 251.0
360 1.1340001
361 273.9887
362 182.46841
363 29.731998
364 251.0
365 372.9335
366 251.0
367 26.005308
368 251.0
369 379.0
370 0.0
371 0.0
372 379.0
373 281.48285
374 33.134
375 44.389133
376 251.0
377 21.14505
378 202.02707
379 207.80885
380 33.134
381 33.2
382 94.09149
383 50.86358
384 93.384415
385 91.87236
386 0.0
387 0.0
388 0.0
389 23.900496
390 153.35184
391 251.0
392 127.12126
393 39.507446
394 0.0
395 61.25674
396 144.71295
397 60.560272
398 251.0
399 251.0
400 202.23898
401 492.134
402 379.0
403 379.0
404 379.0
405 379.0
406 379.0
407 379.0
408 379.0
409 379.0
410 379.0
411 372.9335
412 333.01553
413 307.62302
414 301.76987
415 281.48285
416 274.28006
417 273.9887
418 252.134
419 252.134
420 252.134
421 252.134
422 252.134
423 252.134
424 252.134
425 251.0
426 251.0
427 251.0
428 251.0
429 251.0
430 251.0
431 251.0
432 251.0
433 251.0
434 251.0
435 251.0
436 251.0
437 251.0
438 251.0
439 251.0
440 251.0
441 251.0
442 251.0
443 251.0
444 251.0
445 251.0
446 251.0
447 251.0
448 251.0
449 251.0
450 251.0
451 251.0
452 491.0
453 200.71268
454 379.0
455 252.134
456 251.0
457 251.0
458 25.385368
459 251.0
460 251.0
461 39.489555
462 164.2028
463 1.330977
464 252.134
465 251.0
466 198.98616
467 0.0
468 251.0
469 252.134
470 33.134
471 379.0
472 380.134
473 251.0
474 251.0
475 269.6546
476 158.71329
477 65.6719
478 251.0
479 251.0
480 30.866
481 0.0
482 202.00496
483 0.0
484 251.0
485 251.0
486 192.98653
487 214.31366
488 251.0
489 120.50474
490 36.949852
491 251.0
492 251.0
493 28.122738
494 619.8771
495 252.134
496 277.371
497 84.4982
498 251.0
499 121.313
500 38.850822
501 619.8771
502 492.134
503 491.0
504 380.134
505 379.0
506 379.0
507 379.0
508 379.0
509 379.0
510 379.0
511 379.0
512 379.0
513 379.0
514 379.0
515 379.0
516 372.9335
517 333.01553
518 317.5798
519 301.76987
520 281.48285
521 277.371
522 274.28006
523 291.3655
524 269.6546
525 252.134
526 252.134
527 252.134
528 252.134
529 252.134
530 252.134
531 252.134
532 252.134
533 252.134
534 252.134
535 252.134
536 251.0
537 251.0
538 251.0
539 251.0
540 251.0
541 251.0
542 251.0
543 251.0
544 251.0
545 251.0
546 251.0
547 251.0
548 251.0
549 251.0
550 251.0
551 229.70029
552 251.0
553 251.0
554 252.134
555 251.0
556 379.0
557 379.0
558 174.844
559 252.134
560 86.46174
561 251.0
562 25.319368
563 0.0
564 251.0
565 379.0
566 251.0
567 147.58337
568 0.0
569 251.0
570 366.28406
571 10.492328
572 251.0
573 93.145256
574 251.0
575 7.8146305
576 251.0
577 379.0
578 219.36362
579 109.27828
580 252.134
581 251.0
582 26.861876
583 284.74487
584 115.06907
585 379.0
586 251.0
587 379.0
588 37.198483
589 33.134
590 96.06932
591 251.0
592 0.0
593 251.0
594 252.134
595 251.0
596 251.0
597 251.0
598 251.0
599 153.12419
600 251.0
601 619.8771
602 492.134
603 491.0
604 380.134
605 379.0
606 379.0
607 379.0
608 379.0
609 379.0
610 379.0
611 379.0
612 379.0
613 379.0
614 379.0
615 379.0
616 379.0
617 379.0
618 379.0
619 379.0
620 379.0
621 379.0
622 372.9335
623 366.28406
624 333.01553
625 300.4377
626 301.76987
627 273.9887
628 284.74487
629 281.48285
630 277.371
631 274.28006
632 269.6546
633 252.134
634 252.134
635 252.134
636 252.134
637 252.134
638 252.134
639 252.134
640 252.134
641 252.134
642 252.134
643 252.134
644 252.134
645 252.134
646 252.134
647 252.134
648 251.0
649 251.0
650 251.0
651 196.70755
652 251.47232
653 251.0
654 42.314247
655 251.0
656 344.8817
657 251.0
658 251.0
659 251.0
660 0.0
661 251.0
662 251.0
663 251.0
664 251.0
665 379.0
666 147.59714
667 443.0
668 372.33664
669 379.0
670 258.7486
671 251.0
672 283.46228
673 251.0
674 86.77229
675 191.14139
676 252.134
677 379.0
678 397.22162
679 0.0
680 251.0
681 38.61463
682 379.0
683 234.16278
684 32.534
685 251.0
686 252.134
687 252.134
688 252.134
689 251.0
690 251.0
691 33.068
692 251.0
693 0.0
694 251.0
695 251.0
696 251.0
697 165.22171
698 219.70995
699 251.0
700 252.134
701 619.8771
702 492.134
703 491.0
704 443.0
705 397.22162
706 380.134
707 379.0
708 379.0
709 379.0
710 379.0
711 379.0
712 379.0
713 379.0
714 379.0
715 379.0
716 379.0
717 379.0
718 379.0
719 379.0
720 379.0
721 379.0
722 379.0
723 379.0
724 379.0
725 379.0
726 379.0
727 379.0
728 372.9335
729 372.33664
730 366.28406
731 344.8817
732 333.01553
733 301.76987
734 306.69772
735 284.74487
736 283.46228
737 281.48285
738 277.371
739 274.28006
740 291.3655
741 269.6546
742 258.7486
743 252.134
744 252.134
745 252.134
746 252.134
747 252.134
748 252.134
749 252.134
750 252.134
751 89.06913
752 606.4032
753 251.0
754 379.0
755 144.18858
756 252.134
757 379.0
758 241.82106
759 379.0
760 212.86832
761 251.0
762 251.0
763 251.0
764 187.19482
765 379.0
766 164.2321
767 229.95773
768 379.0
769 251.0
770 192.69669
771 379.0
772 33.669014
773 379.0
774 379.0
775 251.0
776 251.0
777 379.0
778 73.75757
779 380.134
780 37.087185
781 379.0
782 251.0
783 251.0
784 0.0
785 292.0
786 127.01856
787 104.499664
788 252.134
789 245.77876
790 0.0
791 251.0
792 252.134
793 252.134
794 236.16693
795 147.52214
796 138.17761
797 252.134
798 251.0
799 44.748425
800 251.0
801 619.8771
802 606.4032
803 492.134
804 491.0
805 443.0
806 397.22162
807 380.134
808 380.134
809 379.0
810 379.0
811 379.0
812 379.0
813 379.0
814 379.0
815 379.0
816 379.0
817 379.0
818 379.0
819 379.0
820 379.0
821 379.0
822 379.0
823 379.0
824 379.0
825 379.0
826 379.0
827 379.0
828 379.0
829 379.0
830 379.0
831 379.0
832 379.0
833 379.0
834 379.0
835 379.0
836 379.0
837 379.0
838 379.0
839 379.0
840 372.9335
841 372.33664
842 366.28406
843 344.8817
844 333.01553
845 307.56363
846 301.76987
847 292.0
848 273.9887
849 284.74487
850 283.46228
851 187.12785
852 251.0
853 252.134
854 379.0
855 379.0
856 432.358
857 379.0
858 443.0
859 45.084053
860 318.34784
861 251.0
862 251.0
863 0.0
864 251.0
865 252.134
866 211.24217
867 276.9412
868 104.18586
869 379.0
870 251.0
871 379.0
872 379.0
873 202.97379
874 380.134
875 193.68668
876 251.0
877 246.09729
878 31.4
879 0.0
880 38.051056
881 379.0
882 115.03116
883 46.00448
884 668.5601
885 251.0
886 379.0
887 82.09587
888 379.0
889 379.0
890 120.492325
891 251.0
892 251.0
893 252.134
894 125.65991
895 43.07413
896 251.0
897 17.286127
898 33.134
899 252.134
900 252.134
901 668.5601
902 619.8771
903 606.4032
904 492.134
905 491.0
906 443.0
907 443.0
908 432.358
909 397.22162
910 380.134
911 380.134
912 380.134
913 379.0
914 379.0
915 379.0
916 379.0
917 379.0
918 379.0
919 379.0
920 379.0
921 379.0
922 379.0
923 379.0
924 379.0
925 379.0
926 379.0
927 379.0
928 379.0
929 379.0
930 379.0
931 379.0
932 379.0
933 379.0
934 379.0
935 379.0
936 379.0
937 379.0
938 379.0
939 379.0
940 379.0
941 379.0
942 379.0
943 379.0
944 379.0
945 379.0
946 379.0
947 379.0
948 379.0
949 379.0
950 379.0
951 251.0
952 159.61902
953 443.0
954 251.0
955 251.0
956 61.523464
957 380.134
958 251.0
959 207.97705
960 251.0
961 251.0
962 221.57143
963 251.0
964 54.84955
965 251.0
966 251.0
967 379.0
968 25.385368
969 251.0
970 379.0
971 379.0
972 251.0
973 251.0
974 379.0
975 93.27325
976 379.0
977 43.968376
978 251.0
979 227.09859
980 443.0
981 7.7486305
982 379.0
983 251.0
984 379.0
985 252.134
986 115.00703
987 251.0
988 444.134
989 251.0
990 251.0
991 52.04483
992 252.134
993 273.31393
994 14.755322
995 15.850653
996 191.53987
997 256.059
998 379.0
999 0.5379696
1000 251.0
1001 668.5601
1002 619.8771
1003 606.4032
1004 492.134
1005 491.0
1006 444.134
1007 443.0
1008 443.0
1009 443.0
1010 443.0
1011 432.358
1012 397.22162
1013 380.134
1014 380.134
1015 380.134
1016 380.134
1017 379.0
1018 379.0
1019 379.0
1020 379.0
1021 379.0
1022 379.0
1023 379.0
1024 379.0
1025 379.0
1026 379.0
1027 379.0
1028 379.0
1029 379.0
1030 379.0
1031 379.0
1032 379.0
1033 379.0
1034 379.0
1035 379.0
1036 379.0
1037 379.0
1038 379.0
1039 379.0
1040 379.0
1041 379.0
1042 379.0
1043 379.0
1044 379.0
1045 379.0
1046 379.0
1047 379.0
1048 379.0
1049 379.0
1050 379.0
1051 379.0
1052 77.73496
1053 251.0
1054 356.85498
1055 251.0
1056 379.0
1057 26.51937
1058 252.134
1059 251.0
1060 251.0
1061 120.54644
1062 252.134
1063 379.0
1064 379.0
1065 0.0
1066 251.0
1067 251.0
1068 0.0
1069 379.0
1070 380.54324
1071 379.0
1072 251.0
1073 0.0
1074 252.134
1075 379.0
1076 378.59085
1077 379.0
1078 373.49658
1079 252.134
1080 251.0
1081 251.0
1082 372.38538
1083 55.823353
1084 379.0
1085 443.0
1086 21.095133
1087 251.0
1088 55.495186
1089 251.0
1090 251.0
1091 379.0
1092 251.0
1093 251.0
1094 246.75394
1095 101.605606
1096 251.0
1097 349.40668
1098 168.37238
1099 279.19302
1100 93.26468
1101 668.5601
1102 619.8771
1103 606.4032
1104 492.134
1105 491.0
1106 444.134
1107 443.0
1108 443.0
1109 443.0
1110 443.0
1111 443.0
1112 432.358
1113 397.22162
1114 380.54324
1115 380.134
1116 380.134
1117 380.134
1118 380.134
1119 379.0
1120 379.0
1121 379.0
1122 379.0
1123 379.0
1124 379.0
1125 379.0
1126 379.0
1127 379.0
1128 379.0
1129 379.0
1130 379.0
1131 379.0
1132 379.0
1133 379.0
1134 379.0
1135 379.0
1136 379.0
1137 379.0
1138 379.0
1139 379.0
1140 379.0
1141 379.0
1142 379.0
1143 379.0
1144 379.0
1145 379.0
1146 379.0
1147 379.0
1148 379.0
1149 379.0
1150 379.0
1151 268.28592
1152 252.134
1153 251.0
1154 251.0
1155 132.48
1156 251.0
1157 251.0
1158 207.89815
1159 251.0
1160 251.0
1161 251.0
1162 443.0
1163 418.34683
1164 352.2657
1165 251.0
1166 0.0
1167 379.0
1168 252.134
1169 379.0
1170 251.0
1171 252.134
1172 251.0
1173 111.302376
1174 252.134
1175 379.0
1176 379.0
1177 251.0
1178 379.0
1179 443.0
1180 99.56888
1181 245.21431
1182 379.0
1183 165.37878
1184 251.0
1185 139.56116
1186 251.0
1187 180.28833
1188 251.0
1189 7.7486305
1190 14.543847
1191 252.134
1192 251.0
1193 279.4425
1194 251.0
1195 251.0
1196 379.0
1197 251.0
1198 379.0
1199 214.25157
1200 251.0
1201 668.5601
1202 619.8771
1203 606.4032
1204 492.134
1205 491.0
1206 444.134
1207 380.134
1208 443.0
1209 443.0
1210 443.0
1211 443.0
1212 443.0
1213 443.0
1214 432.358
1215 418.34683
1216 397.22162
1217 379.0
1218 380.134
1219 380.134
1220 380.134
1221 380.134
1222 379.0
1223 379.0
1224 379.0
1225 379.0
1226 379.0
1227 379.0
1228 379.0
1229 379.0
1230 379.0
1231 379.0
1232 379.0
1233 379.0
1234 379.0
1235 379.0
1236 379.0
1237 252.134
1238 379.0
1239 379.0
1240 379.0
1241 379.0
1242 379.0
1243 379.0
1244 379.0
1245 379.0
1246 379.0
1247 379.0
1248 379.0
1249 379.0
1250 379.0
1251 379.0
1252 213.94589
1253 379.0
1254 38.85788
1255 379.0
1256 322.11862
1257 0.0
1258 251.0
1259 251.0
1260 251.0
1261 350.2712
1262 379.0
1263 379.0
1264 259.25577
1265 379.0
1266 318.5733
1267 379.0
1268 251.0
1269 0.0
1270 219.3819
1271 379.0
1272 379.0
1273 443.0
1274 18.637737
1275 252.134
1276 379.0
1277 379.0
1278 20.003729
1279 379.0
1280 30.866
1281 252.134
1282 379.0
1283 78.101036
1284 89.69288
1285 251.0
1286 379.0
1287 252.134
1288 351.57385
1289 252.134
1290 252.134
1291 379.0
1292 56.122726
1293 30.521097
1294 252.134
1295 251.0
1296 252.134
1297 252.134
1298 251.0
1299 103.88843
1300 39.100784
1301 668.5601
1302 619.8771
1303 606.4032
1304 492.134
1305 491.0
1306 444.134
1307 443.0
1308 443.0
1309 443.0
1310 443.0
1311 443.0
1312 443.0
1313 379.0
1314 432.111
1315 418.34683
1316 397.22162
1317 380.134
1318 380.134
1319 444.134
1320 380.134
1321 380.134
1322 379.0
1323 379.0
1324 379.0
1325 379.0
1326 379.0
1327 379.0
1328 379.0
1329 379.0
1330 379.0
1331 380.54324
1332 379.0
1333 379.0
1334 379.0
1335 379.0
1336 379.0
1337 379.0
1338 379.0
1339 379.0
1340 379.0
1341 379.0
1342 379.0
1343 379.0
1344 379.0
1345 379.0
1346 379.0
1347 379.0
1348 379.0
1349 379.0
1350 379.0
1351 379.0
1352 0.0
1353 231.37904
1354 379.0
1355 98.85954
1356 251.0
1357 217.83525
1358 379.0
1359 251.0
1360 251.0
1361 380.134
1362 25.148699
1363 19.841362
1364 251.0
1365 379.0
1366 379.0
1367 205.89769
1368 345.77896
1369 251.0
1370 251.0
1371 251.0
1372 379.0
1373 251.0
1374 379.0
1375 172.44937
1376 12.235079
1377 252.64136
1378 379.0
1379 251.0
1380 379.0
1381 379.0
1382 236.67719
1383 252.134
1384 252.134
1385 251.0
1386 443.0
1387 246.5996
1388 251.0
1389 290.35046
1390 201.36859
1391 379.0
1392 252.134
1393 379.0
1394 379.0
1395 379.0
1396 30.866
1397 251.0
1398 443.0
1399 251.0
1400 379.0
1401 668.5601
1402 619.8771
1403 606.4032
1404 492.134
1405 491.0
1406 380.134
1407 444.134
1408 443.0
1409 443.0
1410 443.0
1411 443.0
1412 443.0
1413 443.0
1414 443.0
1415 443.0
1416 432.358
1417 418.34683
1418 397.22162
1419 380.54324
1420 380.134
1421 380.134
1422 380.134
1423 443.0
1424 380.134
1425 379.0
1426 379.0
1427 379.0
1428 379.0
1429 379.0
1430 379.0
1431 379.0
1432 374.2309
1433 379.0
1434 379.0
1435 379.0
1436 379.0
1437 379.0
1438 379.0
1439 379.0
1440 379.0
1441 379.0
1442 379.0
1443 379.0
1444 379.0
1445 379.0
1446 379.0
1447 379.0
1448 379.0
1449 379.0
1450 379.0
1451 251.0
1452 129.3284
1453 244.90276
1454 251.0
1455 251.0
1456 379.0
1457 532.0
1458 491.0
1459 251.0
1460 379.0
1461 251.0
1462 379.0
1463 280.74594
1464 142.78111
1465 251.0
1466 252.134
1467 379.0
1468 87.1861
1469 508.42133
1470 379.0
1471 380.134
1472 380.134
1473 251.0
1474 127.93248
1475 125.82405
1476 251.0
1477 251.0
1478 181.8634
1479 117.15499
1480 379.0
1481 379.0
1482 356.05743
1483 38.850822
1484 252.134
1485 251.0
1486 251.0
1487 379.0
1488 251.0
1489 379.0
1490 379.0
1491 0.0
1492 261.4351
1493 0.0
1494 185.62607
1495 443.0
1496 54.672657
1497 379.0
1498 251.0
1499 50.44546
1500 32.0
1501 668.5601
1502 619.8771
1503 606.4032
1504 532.0
1505 508.42133
1506 492.134
1507 491.0
1508 491.0
1509 444.134
1510 443.0
1511 443.0
1512 443.0
1513 443.0
1514 443.0
1515 443.0
1516 443.0
1517 443.0
1518 443.0
1519 443.0
1520 432.358
1521 418.34683
1522 397.22162
1523 379.0
1524 380.134
1525 380.134
1526 380.134
1527 380.134
1528 380.134
1529 380.134
1530 380.134
1531 379.0
1532 379.0
1533 379.0
1534 379.0
1535 379.0
1536 379.0
1537 379.0
1538 379.0
1539 379.0
1540 379.0
1541 379.0
1542 379.0
1543 379.0
1544 379.0
1545 379.0
1546 379.0
1547 379.0
1548 379.0
1549 379.0
1550 379.0
1551 379.0
1552 98.38709
1553 251.0
1554 379.0
1555 125.664696
1556 273.72754
1557 379.0
1558 443.0
1559 444.134
1560 251.0
1561 251.0
1562 251.0
1563 251.0
1564 126.32036
1565 443.0
1566 379.0
1567 251.0
1568 379.0
1569 285.1398
1570 0.0
1571 379.0
1572 251.51765
1573 379.0
1574 357.8964
1575 279.38412
1576 251.0
1577 112.21803
1578 252.134
1579 379.0
1580 379.0
1581 251.0
1582 3.156925
1583 379.0
1584 251.0
1585 443.0
1586 252.134
1587 251.0
1588 443.0
1589 379.0
1590 0.0
1591 96.43685
1592 379.0
1593 202.49782
1594 379.0
1595 492.134
1596 379.0
1597 251.0
1598 126.84276
1599 443.0
1600 379.0
1601 668.5601
1602 619.8771
1603 606.4032
1604 532.0
1605 508.42133
1606 492.134
1607 492.134
1608 491.0
1609 491.0
1610 334.9845
1611 444.134
1612 443.0
1613 443.0
1614 443.0
1615 380.134
1616 443.0
1617 443.0
1618 443.0
1619 443.0
1620 443.0
1621 443.0
1622 443.0
1623 443.0
1624 443.0
1625 443.0
1626 443.0
1627 432.358
1628 418.34683
1629 397.22162
1630 380.134
1631 380.134
1632 380.134
1633 380.134
1634 380.134
1635 380.134
1636 444.134
1637 379.0
1638 379.0
1639 379.0
1640 379.0
1641 379.0
1642 379.0
1643 379.0
1644 379.0
1645 379.0
1646 379.0
1647 379.0
1648 379.0
1649 379.0
1650 379.0
1651 443.0
1652 158.63054
1653 251.0
1654 39.489555
1655 48.99916
1656 379.0
1657 372.1148
1658 379.0
1659 251.0
1660 380.134
1661 251.0
1662 177.85979
1663 251.0
1664 379.0
1665 251.0
1666 90.01331
1667 252.134
1668 251.0
1669 251.0
1670 372.38538
1671 425.67926
1672 255.82341
1673 342.28735
1674 251.0
1675 38.12572
1676 251.0
1677 170.63318
1678 251.0
1679 334.86478
1680 379.0
1681 72.52956
1682 29.195595
1683 251.0
1684 350.0847
1685 278.5917
1686 1.1340001
1687 339.53152
1688 251.0
1689 251.0
1690 352.31107
1691 379.0
1692 379.0
1693 443.0
1694 251.0
1695 191.30382
1696 379.0
1697 379.0
1698 379.0
1699 115.89359
1700 251.0
1701 668.5601
1702 619.8771
1703 606.4032
1704 532.0
1705 508.42133
1706 492.134
1707 492.134
1708 491.0
1709 491.0
1710 444.134
1711 380.134
1712 443.0
1713 443.0
1714 443.0
1715 443.0
1716 443.0
1717 443.0
1718 443.0
1719 443.0
1720 443.0
1721 443.0
1722 443.0
1723 443.0
1724 443.0
1725 443.0
1726 443.0
1727 443.0
1728 432.358
1729 425.67926
1730 418.34683
1731 397.22162
1732 443.0
1733 380.134
1734 380.134
1735 380.134
1736 380.134
1737 380.134
1738 380.134
1739 380.134
1740 379.0
1741 379.0
1742 379.0
1743 379.0
1744 380.54324
1745 379.0
1746 379.0
1747 379.0
1748 379.0
1749 379.0
1750 379.0
1751 251.0
1752 251.0
1753 356.06946
1754 121.41462
1755 50.282536
1756 379.0
1757 15.274312
1758 110.40156
1759 251.0
1760 252.134
1761 282.7194
1762 379.0
1763 251.0
1764 289.4649
1765 379.0
1766 379.0
1767 251.0
1768 251.0
1769 251.0
1770 322.8778
1771 206.57076
1772 379.0
1773 251.0
1774 287.61456
1775 379.0
1776 379.0
1777 251.0
1778 0.0
1779 120.33247
1780 379.0
1781 443.0
1782 211.76094
1783 357.37842
1784 471.38412
1785 1644.134
1786 251.0
1787 257.23914
1788 251.0
1789 252.134
1790 264.35666
1791 379.0
1792 397.03156
1793 77.80212
1794 115.08099
1795 379.0
1796 379.0
1797 251.0
1798 252.134
1799 252.134
1800 379.0
1801 1644.134
1802 668.5601
1803 619.8771
1804 606.4032
1805 532.0
1806 508.42133
1807 492.134
1808 492.134
1809 491.0
1810 491.0
1811 471.38412
1812 444.134
1813 443.0
1814 443.0
1815 443.0
1816 443.0
1817 443.0
1818 443.0
1819 443.0
1820 443.0
1821 443.0
1822 443.0
1823 443.0
1824 443.0
1825 443.0
1826 443.0
1827 443.0
1828 443.0
1829 443.0
1830 380.134
1831 432.358
1832 425.67926
1833 418.34683
1834 397.22162
1835 397.03156
1836 380.54324
1837 380.134
1838 379.0
1839 380.134
1840 380.134
1841 380.134
1842 380.134
1843 380.134
1844 380.134
1845 379.0
1846 379.0
1847 379.0
1848 379.0
1849 379.0
1850 379.0
1851 252.134
1852 379.0
1853 251.0
1854 379.0
1855 153.24983
1856 39.74863
1857 16.871105
1858 379.0
1859 251.0
1860 251.0
1861 49.403244
1862 379.0
1863 379.0
1864 256.61993
1865 164.0262
1866 251.0
1867 334.64133
1868 252.134
1869 379.0
1870 251.0
1871 251.0
1872 379.0
1873 379.0
1874 251.0
1875 379.0
1876 379.0
1877 252.134
1878 29.069517
1879 251.0
1880 302.58252
1881 252.134
1882 89.21915
1883 251.0
1884 141.06946
1885 379.0
1886 379.0
1887 274.11182
1888 49.337246
1889 6.6146307
1890 379.0
1891 251.0
1892 380.134
1893 252.134
1894 1.7713379
1895 379.0
1896 251.0
1897 251.0
1898 252.134
1899 379.0
1900 379.0
1901 1644.134
1902 668.5601
1903 619.8771
1904 606.4032
1905 532.0
1906 508.42133
1907 492.134
1908 492.134
1909 491.0
1910 491.0
1911 471.38412
1912 444.134
1913 443.0
1914 443.0
1915 443.0
1916 443.0
1917 443.0
1918 443.0
1919 443.0
1920 443.0
1921 443.0
1922 443.0
1923 443.0
1924 443.0
1925 443.0
1926 379.0
1927 443.0
1928 443.0
1929 443.0
1930 432.358
1931 425.67926
1932 418.34683
1933 397.22162
1934 397.03156
1935 380.134
1936 380.134
1937 380.134
1938 380.134
1939 380.134
1940 380.134
1941 380.134
1942 443.0
1943 380.134
1944 380.134
1945 379.0
1946 379.0
1947 379.0
1948 379.0
1949 379.0
1950 379.0
1951 251.0
1952 289.74115
1953 252.134
1954 252.134
1955 251.0
1956 251.0
1957 252.134
1958 251.0
1959 443.0
1960 131.19649
1961 379.0
1962 251.0
1963 251.0
1964 251.0
1965 251.0
1966 379.0
1967 154.29738
1968 379.0
1969 290.80072
1970 65.820045
1971 379.0
1972 252.134
1973 251.0
1974 282.16965
1975 379.0
1976 379.0
1977 75.44796
1978 251.0
1979 251.0
1980 379.0
1981 443.0
1982 251.0
1983 251.0
1984 194.8511
1985 251.0
1986 251.0
1987 251.0
1988 174.04254
1989 379.0
1990 251.0
1991 251.0
1992 30.866
1993 66.96436
1994 379.0
1995 251.0
1996 251.0
1997 282.62878
1998 251.0
1999 251.0
2000 152.54137
2001 1644.134
2002 668.5601
2003 619.8771
2004 606.4032
2005 532.0
2006 508.42133
2007 492.134
2008 492.134
2009 491.0
2010 491.0
2011 471.38412
2012 444.134
2013 443.0
2014 443.0
2015 443.0
2016 380.134
2017 443.0
2018 443.0
2019 443.0
2020 443.0
2021 443.0
2022 443.0
2023 443.0
2024 443.0
2025 443.0
2026 443.0
2027 443.0
2028 443.0
2029 443.0
2030 443.0
2031 443.0
2032 432.358
2033 425.67926
2034 418.34683
2035 397.22162
2036 397.03156
2037 444.134
2038 380.134
2039 380.134
2040 380.134
2041 380.134
2042 380.134
2043 380.134
2044 380.134
2045 380.54324
2046 379.0
2047 379.0
2048 379.0
2049 379.0
2050 379.0
2051 251.0
2052 251.0
2053 251.0
2054 252.134
2055 167.03934
2056 76.73048
2057 380.134
2058 252.27142
2059 379.0
2060 251.0
2061 336.11206
2062 251.0
2063 379.0
2064 379.0
2065 251.0
2066 106.54385
2067 443.0
2068 289.63852
2069 379.0
2070 443.0
2071 368.19907
2072 251.0
2073 251.0
2074 251.0
2075 93.08664
2076 13.744211
2077 360.09244
2078 379.0
2079 443.0
2080 251.0
2081 379.0
2082 22.241613
2083 443.0
2084 108.90022
2085 251.0
2086 356.689
2087 115.45879
2088 379.0
2089 379.0
2090 252.134
2091 249.26599
2092 379.0
2093 251.0
2094 256.3814
2095 379.0
2096 289.71606
2097 251.0
2098 89.24657
2099 132.71173
2100 27.6427
2101 1644.134
2102 668.5601
2103 619.8771
2104 606.4032
2105 532.0
2106 508.42133
2107 492.134
2108 492.134
2109 491.0
2110 491.0
2111 471.38412
2112 380.134
2113 444.134
2114 379.0
2115 443.0
2116 443.0
2117 443.0
2118 443.0
2119 443.0
2120 443.0
2121 443.0
2122 443.0
2123 443.0
2124 443.0
2125 443.0
2126 443.0
2127 443.0
2128 443.0
2129 443.0
2130 443.0
2131 443.0
2132 443.0
2133 443.0
2134 443.0
2135 443.0
2136 432.358
2137 425.67926
2138 418.34683
2139 397.22162
2140 397.03156
2141 380.54324
2142 380.134
2143 380.134
2144 380.134
2145 380.134
2146 380.134
2147 380.134
2148 380.134
2149 380.134
2150 380.134
2151 252.134
2152 379.0
2153 251.0
2154 252.134
2155 158.51869
2156 251.0
2157 251.0
2158 251.0
2159 379.0
2160 251.0
2161 379.0
2162 17.41961
2163 252.134
2164 379.0
2165 1163.0
2166 379.0
2167 251.0
2168 251.0
2169 379.0
2170 251.0
2171 379.0
2172 379.0
2173 288.3762
2174 379.0
2175 251.0
2176 323.66498
2177 205.51033
2178 253.32028
2179 443.0
2180 251.0
2181 251.0
2182 251.0
2183 251.0
2184 379.0
2185 251.0
2186 379.0
2187 218.74307
2188 443.0
2189 251.0
2190 186.94202
2191 158.40788
2192 251.0
2193 273.35477
2194 379.0
2195 251.0
2196 252.134
2197 36.353252
2198 251.0
2199 379.0
2200 443.0
2201 1644.134
2202 1163.0
2203 668.5601
2204 619.8771
2205 606.4032
2206 532.0
2207 508.42133
2208 492.134
2209 492.134
2210 491.0
2211 491.0
2212 471.38412
2213 444.134
2214 443.0
2215 443.0
2216 251.0
2217 443.0
2218 443.0
2219 443.0
2220 443.0
2221 443.0
2222 443.0
2223 443.0
2224 443.0
2225 443.0
2226 443.0
2227 443.0
2228 443.0
2229 443.0
2230 443.0
2231 443.0
2232 443.0
2233 443.0
2234 443.0
2235 443.0
2236 443.0
2237 443.0
2238 432.358
2239 425.67926
2240 418.34683
2241 397.22162
2242 397.03156
2243 380.54324
2244 380.134
2245 380.134
2246 380.134
2247 380.134
2248 380.134
2249 380.134
2250 380.134
2251 252.134
2252 443.0
2253 379.0
2254 251.0
2255 379.0
2256 251.0
2257 30.866
2258 260.86865
2259 379.0
2260 251.0
2261 251.0
2262 122.76145
2263 379.0
2264 251.0
2265 251.0
2266 350.70178
2267 443.0
2268 251.0
2269 251.0
2270 284.84442
2271 251.0
2272 379.0
2273 377.78818
2274 379.0
2275 258.98483
2276 379.0
2277 252.134
2278 443.0
2279 443.0
2280 379.0
2281 443.0
2282 379.0
2283 180.41245
2284 1067.0
2285 379.0
2286 379.0
2287 0.0
2288 268.75705
2289 251.0
2290 379.0
2291 251.0
2292 360.36548
2293 118.177605
2294 251.0
2295 444.134
2296 380.134
2297 379.0
2298 251.0
2299 251.0
2300 444.134
2301 1644.134
2302 1163.0
2303 1067.0
2304 668.5601
2305 619.8771
2306 606.4032
2307 532.0
2308 508.42133
2309 492.134
2310 492.134
2311 491.0
2312 491.0
2313 471.38412
2314 444.134
2315 443.0
2316 444.134
2317 443.0
2318 443.0
2319 443.0
2320 443.0
2321 443.0
2322 443.0
2323 443.0
2324 443.0
2325 443.0
2326 443.0
2327 443.0
2328 443.0
2329 443.0
2330 443.0
2331 443.0
2332 443.0
2333 443.0
2334 443.0
2335 443.0
2336 443.0
2337 443.0
2338 443.0
2339 443.0
2340 443.0
2341 443.0
2342 443.0
2343 443.0
2344 443.0
2345 432.358
2346 425.67926
2347 418.34683
2348 397.22162
2349 397.03156
2350 380.54324
2351 251.0
2352 509.89105
2353 379.0
2354 251.0
2355 44.155464
2356 235.95512
2357 43.988956
2358 60.42915
2359 251.0
2360 6.6146307
2361 251.0
2362 251.0
2363 251.0
2364 89.329735
2365 202.17677
2366 401.33423
2367 379.0
2368 251.0
2369 379.0
2370 379.0
2371 443.0
2372 379.0
2373 251.0
2374 379.0
2375 491.0
2376 54.827156
2377 379.0
2378 0.0
2379 443.0
2380 252.134
2381 179.75041
2382 251.0
2383 251.0
2384 379.0
2385 443.0
2386 251.0
2387 251.0
2388 379.0
2389 252.134
2390 444.134
2391 379.0
2392 251.0
2393 257.02103
2394 251.0
2395 379.0
2396 379.0
2397 327.65082
2398 234.3067
2399 443.0
2400 380.134
2401 1644.134
2402 1163.0
2403 1067.0
2404 668.5601
2405 619.8771
2406 606.4032
2407 532.0
2408 509.89105
2409 508.42133
2410 492.134
2411 492.134
2412 491.0
2413 491.0
2414 491.0
2415 471.38412
2416 444.134
2417 444.134
2418 444.134
2419 443.0
2420 443.0
2421 443.0
2422 443.0
2423 444.134
2424 443.0
2425 443.0
2426 443.0
2427 443.0
2428 443.0
2429 443.0
2430 443.0
2431 443.0
2432 443.0
2433 443.0
2434 443.0
2435 443.0
2436 443.0
2437 443.0
2438 443.0
2439 443.0
2440 443.0
2441 443.0
2442 443.0
2443 443.0
2444 443.0
2445 443.0
2446 443.0
2447 443.0
2448 443.0
2449 443.0
2450 443.0
2451 251.0
2452 443.0
2453 379.0
2454 379.0
2455 251.0
2456 29.381481
2457 379.0
2458 1067.0
2459 251.0
2460 252.134
2461 379.0
2462 154.15288
2463 251.0
2464 379.0
2465 251.0
2466 380.134
2467 272.65973
2468 251.0
2469 251.0
2470 251.0
2471 208.70619
2472 367.39557
2473 252.134
2474 132.54282
2475 131.12013
2476 163.99232
2477 252.134
2478 334.05133
2479 379.0
2480 380.134
2481 54.93038
2482 379.0
2483 251.0
2484 443.0
2485 443.0
2486 443.0
2487 379.0
2488 251.0
2489 443.0
2490 251.0
2491 379.0
2492 251.0
2493 443.0
2494 443.0
2495 379.0
2496 379.0
2497 13.22926
2498 268.4516
2499 251.0
2500 251.0
2501 1644.134
2502 1163.0
2503 1067.0
2504 1067.0
2505 668.5601
2506 619.8771
2507 606.4032
2508 532.0
2509 509.89105
2510 508.42133
2511 492.134
2512 492.134
2513 491.0
2514 491.0
2515 491.0
2516 471.38412
2517 444.134
2518 444.134
2519 444.134
2520 444.134
2521 443.0
2522 443.0
2523 443.0
2524 443.0
2525 443.0
2526 443.0
2527 443.0
2528 443.0
2529 443.0
2530 443.0
2531 443.0
2532 443.0
2533 443.0
2534 443.0
2535 443.0
2536 443.0
2537 443.0
2538 443.0
2539 443.0
2540 443.0
2541 443.0
2542 443.0
2543 443.0
2544 443.0
2545 443.0
2546 443.0
2547 443.0
2548 443.0
2549 443.0
2550 443.0
2551 251.0
2552 176.03601
2553 380.134
2554 368.249
2555 379.0
2556 443.0
2557 194.53952
2558 169.40773
2559 251.0
2560 49.45264
2561 251.0
2562 379.0
2563 251.0
2564 379.0
2565 338.495
2566 259.64682
2567 379.0
2568 184.71118
2569 252.134
2570 250.91745
2571 251.0
2572 443.0
2573 443.0
2574 443.0
2575 251.0
2576 251.0
2577 379.0
2578 251.0
2579 379.0
2580 356.5782
2581 379.0
2582 379.0
2583 252.134
2584 379.0
2585 379.0
2586 251.0
2587 379.0
2588 379.0
2589 379.0
2590 115.37374
2591 251.0
2592 431.36002
2593 251.0
2594 252.134
2595 18.808363
2596 379.0
2597 379.0
2598 379.0
2599 140.31163
2600 251.0
2601 1644.134
2602 1163.0
2603 1531.0
2604 1067.0
2605 668.5601
2606 619.8771
2607 606.4032
2608 532.0
2609 509.89105
2610 508.42133
2611 492.134
2612 492.134
2613 491.0
2614 491.0
2615 491.0
2616 471.38412
2617 444.134
2618 443.0
2619 444.134
2620 444.134
2621 443.0
2622 443.0
2623 443.0
2624 443.0
2625 443.0
2626 443.0
2627 443.0
2628 443.0
2629 443.0
2630 443.0
2631 443.0
2632 443.0
2633 443.0
2634 443.0
2635 443.0
2636 443.0
2637 443.0
2638 443.0
2639 443.0
2640 443.0
2641 443.0
2642 443.0
2643 443.0
2644 443.0
2645 443.0
2646 1046.2249
2647 443.0
2648 443.0
2649 443.0
2650 443.0
2651 444.134
2652 491.0
2653 252.134
2654 443.0
2655 268.2861
2656 120.538055
2657 25.378521
2658 444.134
2659 251.0
2660 148.92682
2661 444.134
2662 42.7578
2663 379.0
2664 252.134
2665 251.0
2666 6.6146307
2667 251.0
2668 251.0
2669 251.0
2670 443.0
2671 252.134
2672 252.134
2673 251.0
2674 379.0
2675 251.0
2676 251.0
2677 491.0
2678 251.0
2679 444.134
2680 251.0
2681 379.0
2682 251.0
2683 163.01254
2684 335.28683
2685 243.91298
2686 443.0
2687 443.0
2688 443.0
2689 379.0
2690 379.0
2691 252.134
2692 436.6766
2693 89.81022
2694 379.0
2695 444.134
2696 251.0
2697 379.0
2698 252.134
2699 379.0
2700 379.0
2701 1644.134
2702 1067.0
2703 1163.0
2704 1067.0
2705 1046.2249
2706 668.5601
2707 619.8771
2708 606.4032
2709 532.0
2710 509.89105
2711 508.42133
2712 492.134
2713 492.134
2714 491.0
2715 491.0
2716 491.0
2717 491.0
2718 491.0
2719 471.38412
2720 379.0
2721 444.134
2722 444.134
2723 444.134
2724 444.134
2725 444.134
2726 444.134
2727 444.134
2728 443.0
2729 443.0
2730 443.0
2731 443.0
2732 443.0
2733 443.0
2734 443.0
2735 443.0
2736 443.0
2737 443.0
2738 443.0
2739 443.0
2740 443.0
2741 443.0
2742 443.0
2743 443.0
2744 443.0
2745 443.0
2746 443.0
2747 443.0
2748 443.0
2749 443.0
2750 443.0
2751 251.0
2752 375.53198
2753 379.0
2754 379.0
2755 251.0
2756 379.0
2757 115.200714
2758 251.0
2759 349.8818
2760 252.134
2761 379.0
2762 252.134
2763 252.134
2764 379.0
2765 251.0
2766 379.0
2767 443.0
2768 0.0
2769 380.134
2770 379.0
2771 38.250824
2772 443.0
2773 148.86719
2774 379.0
2775 42.856815
2776 443.0
2777 380.134
2778 379.0
2779 491.0
2780 379.0
2781 219.7132
2782 379.0
2783 283.95593
2784 379.0
2785 251.0
2786 414.792
2787 379.0
2788 637.18396
2789 251.0
2790 379.0
2791 243.56409
2792 251.0
2793 379.0
2794 290.30914
2795 251.0
2796 379.0
2797 379.0
2798 379.0
2799 131.19159
2800 251.0
2801 1644.134
2802 1163.0
2803 1067.0
2804 1531.0
2805 1046.2249
2806 668.5601
2807 637.18396
2808 619.8771
2809 606.4032
2810 532.0
2811 509.89105
2812 508.42133
2813 492.134
2814 492.134
2815 491.0
2816 491.0
2817 491.0
2818 491.0
2819 491.0
2820 491.0
2821 471.38412
2822 444.134
2823 252.134
2824 444.134
2825 444.134
2826 444.134
2827 444.134
2828 444.134
2829 443.0
2830 443.0
2831 443.0
2832 443.0
2833 443.0
2834 443.0
2835 443.0
2836 443.0
2837 443.0
2838 443.0
2839 443.0
2840 443.0
2841 443.0
2842 443.0
2843 443.0
2844 443.0
2845 443.0
2846 443.0
2847 491.0
2848 443.0
2849 443.0
2850 443.0
2851 379.0
2852 443.0
2853 379.0
2854 379.0
2855 251.0
2856 379.0
2857 252.134
2858 253.93047
2859 32.236195
2860 251.0
2861 251.0
2862 251.0
2863 252.134
2864 251.0
2865 252.134
2866 251.0
2867 251.0
2868 219.65706
2869 252.134
2870 251.0
2871 418.1009
2872 91.772644
2873 380.134
2874 380.134
2875 84.39943
2876 352.9458
2877 363.54834
2878 380.134
2879 27.032896
2880 136.80498
2881 207.92722
2882 251.0
2883 443.0
2884 251.0
2885 207.4848
2886 1465.9344
2887 443.0
2888 379.0
2889 379.0
2890 379.0
2891 251.0
2892 136.71129
2893 201.56276
2894 379.0
2895 444.134
2896 444.134
2897 443.0
2898 218.84607
2899 447.05414
2900 443.0
2901 1644.134
2902 1067.0
2903 1465.9344
2904 1163.0
2905 1067.0
2906 1046.2249
2907 668.5601
2908 637.18396
2909 619.8771
2910 606.4032
2911 532.0
2912 509.89105
2913 508.42133
2914 492.134
2915 492.134
2916 491.0
2917 443.0
2918 491.0
2919 491.0
2920 491.0
2921 491.0
2922 491.0
2923 471.38412
2924 447.05414
2925 444.134
2926 444.134
2927 444.134
2928 444.134
2929 444.134
2930 444.134
2931 444.134
2932 444.134
2933 443.0
2934 443.0
2935 443.0
2936 443.0
2937 443.0
2938 443.0
2939 443.0
2940 443.0
2941 443.0
2942 443.0
2943 443.0
2944 443.0
2945 443.0
2946 443.0
2947 443.0
2948 443.0
2949 443.0
2950 443.0
2951 380.134
2952 251.0
2953 379.0
2954 159.35101
2955 443.0
2956 345.43744
2957 273.9887
2958 379.0
2959 214.2743
2960 251.0
2961 251.0
2962 251.0
2963 379.0
2964 251.0
2965 379.0
2966 443.0
2967 251.0
2968 379.0
2969 379.0
2970 379.0
2971 1067.0
2972 252.134
2973 251.0
2974 252.134
2975 251.0
2976 314.25632
2977 379.0
2978 356.38214
2979 379.0
2980 268.66452
2981 379.0
2982 121.37651
2983 379.0
2984 377.866
2985 148.843
2986 420.34555
2987 193.87152
2988 379.0
2989 219.75761
2990 252.134
2991 240.9404
2992 379.0
2993 219.50235
2994 379.0
2995 251.0
2996 251.0
2997 645.38025
2998 379.0
2999 142.3566
3000 251.0
3001 1644.134
3002 1465.9344
3003 1163.0
3004 1531.0
3005 1067.0
3006 1067.0
3007 443.0
3008 668.5601
3009 645.38025
3010 637.18396
3011 619.8771
3012 606.4032
3013 532.0
3014 509.89105
3015 508.42133
3016 492.134
3017 492.134
3018 491.0
3019 491.0
3020 491.0
3021 491.0
3022 491.0
3023 491.0
3024 471.38412
3025 447.05414
3026 444.134
3027 444.134
3028 444.134
3029 444.134
3030 444.134
3031 444.134
3032 444.134
3033 444.134
3034 443.0
3035 443.0
3036 443.0
3037 443.0
3038 443.0
3039 443.0
3040 443.0
3041 443.0
3042 443.0
3043 443.0
3044 443.0
3045 443.0
3046 443.0
3047 443.0
3048 443.0
3049 443.0
3050 443.0
3051 251.0
3052 251.0
3053 654.2118
3054 1067.0
3055 264.22922
3056 443.0
3057 379.0
3058 251.0
3059 470.41623
3060 283.99908
3061 252.134
3062 444.134
3063 251.0
3064 252.134
3065 30.865997
3066 252.134
3067 251.0
3068 379.0
3069 379.0
3070 443.0
3071 491.0
3072 251.0
3073 379.0
3074 326.61795
3075 251.0
3076 252.134
3077 251.0
3078 379.0
3079 251.0
3080 110.64107
3081 252.134
3082 252.134
3083 251.0
3084 379.0
3085 251.0
3086 379.0
3087 120.33247
3088 379.0
3089 379.0
3090 442.13696
3091 443.0
3092 224.2355
3093 338.43457
3094 256.26508
3095 251.0
3096 379.0
3097 444.134
3098 379.0
3099 251.0
3100 44.036877
3101 1644.134
3102 1067.0
3103 1465.9344
3104 1163.0
3105 1067.0
3106 1067.0
3107 1067.0
3108 668.5601
3109 654.2118
3110 645.38025
3111 637.18396
3112 619.8771
3113 606.4032
3114 532.0
3115 509.89105
3116 508.42133
3117 492.134
3118 492.134
3119 491.0
3120 491.0
3121 491.0
3122 491.0
3123 491.0
3124 491.0
3125 491.0
3126 471.38412
3127 470.41623
3128 447.05414
3129 444.134
3130 444.134
3131 444.134
3132 444.134
3133 444.134
3134 444.134
3135 444.134
3136 444.134
3137 444.134
3138 444.134
3139 443.0
3140 443.0
3141 443.0
3142 443.0
3143 443.0
3144 443.0
3145 443.0
3146 443.0
3147 443.0
3148 1111.65
3149 443.0
3150 443.0
3151 380.134
3152 379.0
3153 443.0
3154 443.0
3155 1129.379
3156 251.0
3157 251.0
3158 379.0
3159 251.0
3160 537.621
3161 379.0
3162 175.2029
3163 224.88307
3164 379.0
3165 251.0
3166 1447.3555
3167 251.0
3168 379.0
3169 443.0
3170 443.0
3171 251.0
3172 251.0
3173 251.0
3174 251.0
3175 251.0
3176 256.90952
3177 252.134
3178 251.0
3179 379.0
3180 252.134
3181 251.0
3182 379.0
3183 252.134
3184 252.134
3185 251.0
3186 478.2517
3187 0.0
3188 251.0
3189 443.0
3190 0.0
3191 379.0
3192 356.44055
3193 251.0
3194 251.0
3195 443.0
3196 251.0
3197 125.85311
3198 443.0
3199 165.27078
3200 379.0
3201 1644.134
3202 1465.9344
3203 1447.3555
3204 1163.0
3205 1129.379
3206 443.0
3207 1067.0
3208 1067.0
3209 1067.0
3210 1067.0
3211 668.5601
3212 654.2118
3213 645.38025
3214 637.18396
3215 619.8771
3216 606.4032
3217 537.621
3218 532.0
3219 509.89105
3220 508.42133
3221 492.134
3222 492.134
3223 491.0
3224 491.0
3225 491.0
3226 491.0
3227 491.0
3228 379.0
3229 491.0
3230 478.2517
3231 471.38412
3232 470.41623
3233 447.05414
3234 444.134
3235 444.134
3236 444.134
3237 444.134
3238 444.134
3239 444.134
3240 444.134
3241 444.134
3242 444.134
3243 444.134
3244 443.0
3245 443.0
3246 443.0
3247 443.0
3248 443.0
3249 443.0
3250 443.0
3251 252.134
3252 186.1072
3253 379.0
3254 251.0
3255 379.0
3256 149.79895
3257 1599.5991
3258 444.134
3259 251.0
3260 1163.0
3261 379.0
3262 443.0
3263 443.0
3264 206.28137
3265 104.991455
3266 26.09536
3267 443.0
3268 147.54167
3269 379.0
3270 66.11796
3271 379.0
3272 379.0
3273 346.3788
3274 443.0
3275 251.0
3276 251.0
3277 379.0
3278 164.1932
3279 443.0
3280 379.0
3281 302.08774
3282 268.2692
3283 251.0
3284 186.12119
3285 379.0
3286 379.0
3287 252.134
3288 379.0
3289 379.0
3290 125.808334
3291 251.0
3292 444.134
3293 491.0
3294 379.0
3295 252.134
3296 418.10068
3297 251.0
3298 379.0
3299 1133.6224
3300 251.0
3301 1644.134
3302 1597.2079
3303 1465.9344
3304 1438.0028
3305 1163.0
3306 1163.0
3307 1133.6224
3308 1129.379
3309 1067.0
3310 1067.0
3311 1067.0
3312 1067.0
3313 668.5601
3314 654.2118
3315 645.38025
3316 637.18396
3317 619.8771
3318 606.4032
3319 537.621
3320 532.0
3321 509.89105
3322 508.42133
3323 492.134
3324 492.134
3325 491.0
3326 491.0
3327 491.0
3328 491.0
3329 491.0
3330 491.0
3331 491.0
3332 478.2517
3333 471.38412
3334 470.41623
3335 447.05414
3336 444.134
3337 444.134
3338 444.134
3339 444.134
3340 444.134
3341 444.134
3342 444.134
3343 444.134
3344 444.134
3345 444.134
3346 444.134
3347 444.134
3348 443.0
3349 443.0
3350 443.0
3351 380.134
3352 379.0
3353 491.0
3354 202.06538
3355 379.0
3356 443.0
3357 379.0
3358 251.0
3359 379.0
3360 379.0
3361 379.0
3362 379.0
3363 379.0
3364 443.0
3365 251.0
3366 251.0
3367 196.80043
3368 491.0
3369 251.0
3370 379.0
3371 251.0
3372 379.0
3373 251.0
3374 251.0
3375 443.0
3376 444.134
3377 443.0
3378 251.0
3379 491.0
3380 251.0
3381 443.0
3382 443.0
3383 379.0
3384 251.0
3385 252.134
3386 443.0
3387 443.0
3388 251.0
3389 251.0
3390 379.0
3391 251.0
3392 251.0
3393 251.0
3394 251.0
3395 252.134
3396 88.11256
3397 379.0
3398 1067.0
3399 379.0
3400 443.0
3401 1644.134
3402 1598.5532
3403 1465.9344
3404 379.0
3405 1163.0
3406 1163.0
3407 1133.6224
3408 1129.379
3409 1067.0
3410 1067.0
3411 1067.0
3412 1067.0
3413 1067.0
3414 668.5601
3415 654.2118
3416 645.38025
3417 637.18396
3418 619.8771
3419 606.4032
3420 537.621
3421 532.0
3422 509.89105
3423 508.42133
3424 492.134
3425 492.134
3426 491.0
3427 491.0
3428 491.0
3429 491.0
3430 491.0
3431 491.0
3432 491.0
3433 491.0
3434 491.0
3435 491.0
3436 476.43683
3437 471.38412
3438 470.41623
3439 447.05414
3440 444.134
3441 444.134
3442 444.134
3443 444.134
3444 444.134
3445 444.134
3446 444.134
3447 444.134
3448 444.134
3449 444.134
3450 444.134
3451 379.0
3452 379.0
3453 1134.3684
3454 93.375084
3455 379.0
3456 443.0
3457 379.0
3458 379.0
3459 251.0
3460 1131.4448
3461 372.38538
3462 251.0
3463 444.134
3464 379.0
3465 251.0
3466 332.9166
3467 251.0
3468 218.71156
3469 1067.0
3470 251.0
3471 120.215294
3472 443.0
3473 213.28374
3474 27.66188
3475 251.0
3476 418.10068
3477 197.9222
3478 379.0
3479 202.30884
3480 213.23143
3481 251.0
3482 256.629
3483 243.01514
3484 251.0
3485 379.0
3486 492.134
3487 133.77757
3488 443.0
3489 251.0
3490 251.0
3491 251.0
3492 606.3432
3493 251.0
3494 379.0
3495 251.0
3496 380.134
3497 251.0
3498 251.0
3499 365.64523
3500 252.134
3501 1644.134
3502 1597.2079
3503 1465.9344
3504 1163.0
3505 1163.0
3506 1134.3684
3507 1133.6224
3508 1131.4448
3509 1129.379
3510 1067.0
3511 1067.0
3512 1067.0
3513 1067.0
3514 1067.0
3515 1067.0
3516 668.5601
3517 654.2118
3518 645.38025
3519 637.18396
3520 619.8771
3521 606.4032
3522 606.3432
3523 537.621
3524 532.0
3525 509.89105
3526 508.42133
3527 492.134
3528 492.134
3529 492.134
3530 491.0
3531 491.0
3532 491.0
3533 491.0
3534 491.0
3535 491.0
3536 491.0
3537 491.0
3538 491.0
3539 491.0
3540 478.2517
3541 471.38412
3542 470.41623
3543 447.05414
3544 444.134
3545 444.134
3546 444.134
3547 444.134
3548 444.134
3549 444.134
3550 444.134
3551 379.0
3552 251.0
3553 251.0
3554 379.0
3555 379.0
3556 379.0
3557 174.87671
3558 251.0
3559 379.0
3560 379.0
3561 258.80707
3562 379.0
3563 491.0
3564 379.0
3565 443.0
3566 379.0
3567 443.0
3568 561.85425
3569 379.0
3570 0.0
3571 32.6
3572 609.68164
3573 185.90689
3574 251.0
3575 1121.1298
3576 71.572105
3577 1067.0
3578 491.0
3579 274.4335
3580 251.0
3581 251.0
3582 251.0
3583 191.58293
3584 443.0
3585 443.0
3586 251.0
3587 491.0
3588 379.0
3589 491.0
3590 444.134
3591 279.47348
3592 257.6146
3593 443.0
3594 252.134
3595 443.0
3596 379.0
3597 252.134
3598 251.0
3599 373.1721
3600 251.0
3601 1644.134
3602 1597.2079
3603 1465.9344
3604 1163.0
3605 1163.0
3606 1134.3684
3607 1133.6224
3608 1131.4448
3609 1129.379
3610 1121.1298
3611 1067.0
3612 1067.0
3613 1067.0
3614 1067.0
3615 1067.0
3616 1067.0
3617 1067.0
3618 668.5601
3619 654.2118
3620 645.38025
3621 637.18396
3622 619.8771
3623 609.68164
3624 606.4032
3625 606.3432
3626 561.85425
3627 537.621
3628 532.0
3629 509.89105
3630 508.42133
3631 492.134
3632 492.134
3633 492.134
3634 491.0
3635 491.0
3636 491.0
3637 491.0
3638 491.0
3639 491.0
3640 491.0
3641 491.0
3642 491.0
3643 491.0
3644 491.0
3645 491.0
3646 491.0
3647 491.0
3648 491.0
3649 471.38412
3650 470.41623
3651 380.134
3652 379.0
3653 379.0
3654 251.0
3655 380.134
3656 431.51218
3657 251.0
3658 443.0
3659 380.134
3660 491.0
3661 252.134
3662 440.07935
3663 351.9212
3664 379.0
3665 251.0
3666 252.134
3667 365.69885
3668 379.0
3669 491.0
3670 443.0
3671 251.0
3672 202.4449
3673 492.134
3674 63.09019
3675 443.0
3676 379.0
3677 251.0
3678 120.378685
3679 252.134
3680 251.0
3681 33.2
3682 379.0
3683 251.0
3684 316.62714
3685 251.0
3686 379.0
3687 491.0
3688 251.0
3689 379.0
3690 443.0
3691 379.0
3692 491.0
3693 251.0
3694 251.0
3695 251.0
3696 379.0
3697 251.0
3698 491.0
3699 379.0
3700 267.59436
3701 1644.134
3702 1597.2079
3703 1465.9344
3704 1163.0
3705 1163.0
3706 1134.3684
3707 1133.6224
3708 1131.4448
3709 1129.379
3710 1121.1298
3711 1067.0
3712 1067.0
3713 1067.0
3714 1067.0
3715 1067.0
3716 1067.0
3717 1067.0
3718 668.5601
3719 654.2118
3720 645.38025
3721 637.18396
3722 619.8771
3723 609.68164
3724 606.4032
3725 606.3432
3726 561.85425
3727 537.621
3728 532.0
3729 509.89105
3730 508.42133
3731 492.134
3732 492.134
3733 492.134
3734 492.134
3735 491.0
3736 491.0
3737 491.0
3738 491.0
3739 491.0
3740 491.0
3741 491.0
3742 491.0
3743 491.0
3744 491.0
3745 491.0
3746 491.0
3747 491.0
3748 491.0
3749 491.0
3750 491.0
3751 444.134
3752 252.134
3753 251.0
3754 379.0
3755 404.10175
3756 379.0
3757 379.0
3758 491.0
3759 268.28592
3760 262.98892
3761 332.97632
3762 251.0
3763 1499.0
3764 379.0
3765 379.0
3766 251.0
3767 379.0
3768 379.0
3769 443.0
3770 379.0
3771 491.0
3772 327.6204
3773 443.0
3774 42.569664
3775 379.0
3776 443.0
3777 251.0
3778 251.0
3779 379.0
3780 531.2963
3781 251.0
3782 256.21524
3783 251.0
3784 1406.6877
3785 343.17838
3786 443.0
3787 251.0
3788 284.31076
3789 251.0
3790 379.0
3791 252.134
3792 379.0
3793 251.0
3794 379.0
3795 379.0
3796 491.0
3797 251.0
3798 443.0
3799 385.85083
3800 1131.4448
3801 1644.134
3802 1597.2079
3803 1499.0
3804 1465.9344
3805 1406.6877
3806 1163.0
3807 1163.0
3808 393.87128
3809 1133.6224
3810 1131.4448
3811 1131.4448
3812 1129.379
3813 1121.1298
3814 1067.0
3815 1067.0
3816 1531.0
3817 1067.0
3818 1067.0
3819 1067.0
3820 1067.0
3821 668.5601
3822 654.2118
3823 645.38025
3824 637.18396
3825 619.8771
3826 609.68164
3827 606.4032
3828 606.3432
3829 561.85425
3830 537.621
3831 532.0
3832 531.2963
3833 509.89105
3834 508.42133
3835 492.134
3836 492.134
3837 492.134
3838 492.134
3839 491.0
3840 491.0
3841 491.0
3842 491.0
3843 491.0
3844 491.0
3845 491.0
3846 491.0
3847 491.0
3848 491.0
3849 491.0
3850 491.0
3851 380.134
3852 379.0
3853 355.9452
3854 443.0
3855 443.0
3856 379.0
3857 379.0
3858 436.6792
3859 349.60062
3860 443.0
3861 251.0
3862 379.0
3863 1163.0
3864 251.0
3865 443.0
3866 379.0
3867 379.0
3868 443.0
3869 368.249
3870 251.0
3871 379.0
3872 443.0
3873 93.97846
3874 262.98877
3875 38.61463
3876 1146.0106
3877 379.0
3878 251.0
3879 51.70119
3880 251.0
3881 142.48518
3882 53.796383
3883 379.0
3884 43.282337
3885 443.0
3886 49.520634
3887 252.134
3888 444.134
3889 251.0
3890 264.22922
3891 443.0
3892 570.90344
3893 379.0
3894 138.1782
3895 380.134
3896 443.0
3897 251.0
3898 379.0
3899 379.0
3900 252.134
3901 1644.134
3902 1598.5532
3903 1531.0
3904 1499.0
3905 1465.9344
3906 1406.6877
3907 1163.0
3908 1163.0
3909 1163.0
3910 1146.0106
3911 1133.6224
3912 1131.4448
3913 1131.4448
3914 1129.379
3915 1121.1298
3916 1067.0
3917 1067.0
3918 1067.0
3919 1067.0
3920 1067.0
3921 1067.0
3922 668.5601
3923 654.2118
3924 645.38025
3925 637.18396
3926 619.8771
3927 609.68164
3928 606.4032
3929 606.3432
3930 570.90344
3931 561.85425
3932 537.621
3933 532.0
3934 531.2963
3935 509.89105
3936 508.42133
3937 492.134
3938 492.134
3939 492.134
3940 492.134
3941 491.0
3942 491.0
3943 491.0
3944 491.0
3945 491.0
3946 491.0
3947 491.0
3948 491.0
3949 491.0
3950 491.0
3951 379.0
3952 379.0
3953 251.0
3954 379.0
3955 207.48088
3956 252.134
3957 379.0
3958 379.0
3959 379.0
3960 1163.0
3961 443.0
3962 251.0
3963 207.88669
3964 492.134
3965 491.0
3966 30.866
3967 380.134
3968 251.0
3969 251.0
3970 252.134
3971 251.0
3972 251.0
3973 443.0
3974 251.0
3975 251.0
3976 252.134
3977 1585.916
3978 443.0
3979 380.134
3980 443.0
3981 443.0
3982 136.61137
3983 444.134
3984 251.0
3985 65.73351
3986 131.48822
3987 379.0
3988 252.134
3989 1627.0
3990 356.923
3991 251.0
3992 251.21341
3993 1479.8358
3994 491.0
3995 379.0
3996 379.0
3997 449.61462
3998 379.0
3999 252.134
4000 251.0
4001 1644.134
4002 1627.0
4003 1598.5532
4004 1585.916
4005 1531.0
4006 1499.0
4007 1479.8358
4008 1465.9344
4009 1406.6877
4010 1163.0
4011 491.0
4012 1163.0
4013 1163.0
4014 1146.0106
4015 1133.6224
4016 1131.4448
4017 1131.4448
4018 1129.379
4019 1121.1298
4020 1067.0
4021 1067.0
4022 1067.0
4023 1067.0
4024 1067.0
4025 1067.0
4026 668.5601
4027 654.2118
4028 645.38025
4029 637.18396
4030 619.8771
4031 609.68164
4032 606.4032
4033 606.3432
4034 570.90344
4035 561.85425
4036 537.621
4037 532.0
4038 504.25446
4039 509.89105
4040 508.42133
4041 492.134
4042 492.134
4043 492.134
4044 492.134
4045 492.134
4046 491.0
4047 491.0
4048 491.0
4049 491.0
4050 491.0
4051 379.0
4052 379.0
4053 664.6965
4054 492.134
4055 379.0
4056 379.0
4057 1067.6
4058 491.0
4059 379.0
4060 251.0
4061 251.0
4062 443.0
4063 444.134
4064 379.0
4065 443.0
4066 251.0
4067 443.0
4068 267.8443
4069 251.0
4070 443.0
4071 443.0
4072 443.0
4073 251.0
4074 283.90598
4075 443.0
4076 252.134
4077 252.134
4078 379.0
4079 17.445112
4080 49.285866
4081 1435.1359
4082 231.15884
4083 379.0
4084 491.0
4085 443.0
4086 443.0
4087 147.9453
4088 29.731998
4089 443.0
4090 371.5798
4091 251.0
4092 372.14917
4093 252.134
4094 444.134
4095 379.0
4096 285.22455
4097 443.0
4098 251.0
4099 251.0
4100 251.0
4101 1644.134
4102 1627.0
4103 1599.5991
4104 1585.916
4105 1067.0
4106 1499.0
4107 1479.8358
4108 1465.9344
4109 1435.1359
4110 1406.6877
4111 1163.0
4112 1163.0
4113 1163.0
4114 1146.0106
4115 1133.6224
4116 1131.4448
4117 1131.4448
4118 1129.379
4119 1121.1298
4120 1067.6
4121 1067.0
4122 1067.0
4123 1067.0
4124 1067.0
4125 1067.0
4126 1067.0
4127 668.5601
4128 664.6965
4129 654.2118
4130 645.38025
4131 637.18396
4132 619.8771
4133 609.68164
4134 606.4032
4135 606.3432
4136 570.90344
4137 561.85425
4138 537.621
4139 532.0
4140 509.89105
4141 508.42133
4142 531.2963
4143 492.134
4144 492.134
4145 492.134
4146 492.134
4147 492.134
4148 492.134
4149 491.0
4150 491.0
4151 251.0
4152 252.134
4153 379.0
4154 379.0
4155 379.0
4156 251.0
4157 251.0
4158 443.0
4159 379.0
4160 1532.134
4161 251.0
4162 251.0
4163 379.0
4164 379.0
4165 1531.0
4166 142.47063
4167 379.0
4168 289.4286
4169 443.0
4170 1152.1827
4171 1131.9832
4172 251.0
4173 368.82404
4174 251.0
4175 379.0
4176 1067.6
4177 379.0
4178 252.134
4179 443.0
4180 379.0
4181 251.0
4182 197.04366
4183 380.134
4184 262.0086
4185 252.134
4186 443.0
4187 196.94821
4188 443.0
4189 380.134
4190 443.0
4191 55.193714
4192 48.40114
4193 49.756996
4194 444.134
4195 481.29224
4196 379.0
4197 994.4525
4198 251.0
4199 251.0
4200 491.0
4201 1644.134
4202 1627.0
4203 1597.2079
4204 1585.916
4205 1532.134
4206 1026.0458
4207 1499.0
4208 1479.8358
4209 1465.9344
4210 1435.1359
4211 1406.6877
4212 1163.0
4213 1163.0
4214 1163.0
4215 1152.1827
4216 1146.0106
4217 1133.6224
4218 1131.9832
4219 1131.4448
4220 1131.4448
4221 1129.379
4222 1121.1298
4223 1067.6
4224 1067.6
4225 1067.0
4226 1067.0
4227 1067.0
4228 1067.0
4229 1067.0
4230 1067.0
4231 1067.0
4232 994.4525
4233 668.5601
4234 664.6965
4235 654.2118
4236 645.38025
4237 637.18396
4238 619.8771
4239 609.68164
4240 606.4032
4241 606.3432
4242 570.90344
4243 561.85425
4244 537.621
4245 532.0
4246 379.0
4247 509.89105
4248 508.42133
4249 492.134
4250 492.134
4251 379.0
4252 114.91699
4253 1163.0
4254 1531.0
4255 379.0
4256 379.0
4257 251.0
4258 202.40694
4259 1067.0
4260 379.0
4261 443.0
4262 251.0
4263 252.134
4264 223.9555
4265 379.0
4266 380.134
4267 379.0
4268 379.0
4269 251.0
4270 207.79805
4271 379.0
4272 492.134
4273 491.0
4274 443.0
4275 252.134
4276 251.0
4277 379.0
4278 442.85608
4279 418.10068
4280 251.0
4281 380.134
4282 443.0
4283 279.19302
4284 379.0
4285 379.0
4286 251.0
4287 270.55392
4288 50.537834
4289 443.0
4290 379.0
4291 1531.0
4292 251.0
4293 443.0
4294 251.0
4295 163.9475
4296 379.0
4297 491.0
4298 43.282337
4299 443.0
4300 443.0
4301 1644.134
4302 1627.0
4303 1597.2079
4304 1585.916
4305 1532.134
4306 1531.0
4307 1531.0
4308 1499.0
4309 1479.8358
4310 1465.9344
4311 1435.1359
4312 1406.6877
4313 1163.0
4314 1163.0
4315 1163.0
4316 1163.0
4317 1152.1827
4318 1146.0106
4319 1133.6224
4320 1131.9832
4321 1131.4448
4322 1131.4448
4323 1129.379
4324 1121.1298
4325 1067.6
4326 1067.6
4327 1067.0
4328 1067.0
4329 1067.0
4330 1067.0
4331 1067.0
4332 1067.0
4333 1067.0
4334 1531.0
4335 252.134
4336 994.4525
4337 668.5601
4338 664.6965
4339 654.2118
4340 645.38025
4341 637.18396
4342 619.8771
4343 609.68164
4344 606.4032
4345 606.3432
4346 570.90344
4347 561.85425
4348 537.621
4349 532.0
4350 509.89105
4351 380.134
4352 251.0
4353 377.81375
4354 1644.134
4355 443.0
4356 379.0
4357 251.0
4358 251.0
4359 379.0
4360 443.0
4361 1532.134
4362 380.134
4363 251.0
4364 443.0
4365 1118.7955
4366 290.50906
4367 143.27498
4368 380.134
4369 443.0
4370 251.0
4371 251.0
4372 586.3474
4373 286.10324
4374 279.3806
4375 379.0
4376 251.0
4377 368.249
4378 251.0
4379 379.0
4380 379.0
4381 252.134
4382 1675.0
4383 251.0
4384 364.96808
4385 443.0
4386 379.0
4387 251.0
4388 252.134
4389 443.0
4390 443.0
4391 379.0
4392 153.95209
4393 491.0
4394 54.905968
4395 443.0
4396 442.26923
4397 379.0
4398 278.75845
4399 251.0
4400 379.0
4401 1675.0
4402 1644.134
4403 1644.134
4404 1627.0
4405 1599.5991
4406 1585.916
4407 1532.134
4408 1532.134
4409 1531.0
4410 1067.0
4411 1531.0
4412 1499.0
4413 1479.8358
4414 1465.9344
4415 1435.1359
4416 1406.6877
4417 1163.0
4418 1163.0
4419 1163.0
4420 1163.0
4421 1152.1827
4422 1146.0106
4423 1133.6224
4424 1131.9832
4425 1131.4448
4426 1131.4448
4427 1129.379
4428 1121.1298
4429 1118.7955
4430 1067.6
4431 1067.6
4432 1067.0
4433 1067.0
4434 1067.0
4435 1067.0
4436 1067.0
4437 1067.0
4438 1067.0
4439 994.4525
4440 668.5601
4441 664.6965
4442 654.2118
4443 645.38025
4444 637.18396
4445 619.8771
4446 609.68164
4447 606.4032
4448 606.3432
4449 586.3474
4450 570.90344
4451 251.0
4452 444.134
4453 380.134
4454 252.134
4455 1163.0
4456 1163.0
4457 251.0
4458 380.134
4459 251.0
4460 379.0
4461 252.134
4462 379.0
4463 443.0
4464 379.0
4465 379.0
4466 379.0
4467 379.0
4468 251.0
4469 380.134
4470 379.0
4471 1531.0
4472 1163.0
4473 379.0
4474 379.0
4475 1131.4448
4476 251.0
4477 252.134
4478 379.0
4479 252.134
4480 491.0
4481 491.0
4482 491.0
4483 443.0
4484 379.0
4485 443.0
4486 1067.0
4487 181.5448
4488 252.134
4489 455.67117
4490 379.0
4491 443.0
4492 202.43248
4493 116.56785
4494 218.84583
4495 251.0
4496 1106.6367
4497 251.0
4498 251.0
4499 196.67435
4500 60.34034
4501 1675.0
4502 1644.134
4503 1644.134
4504 1627.0
4505 1599.5991
4506 1585.916
4507 1532.134
4508 1532.134
4509 1531.0
4510 443.0
4511 1531.0
4512 1499.0
4513 1479.8358
4514 1465.9344
4515 1435.1359
4516 1406.6877
